1.800823963324674537e+01
8.933187787095713261e+00
6.718545980761904346e+00
2.275819050740255367e+00
2.694199395803111852e+00
1.539802264913687324e+01
1.626850283271890163e+01
1.384215298289958263e+01
1.149947670118793219e+01
2.130351194924824831e+00
1.795626185280825027e+01
-2.044706044186469729e+00
1.582276780042010600e+01
1.478211590082454663e+01
8.162212558854170297e+00
6.480325456132173478e+00
1.352341337546552325e+01
2.372107067611301190e+00
2.373047191474835227e+00
3.114910148950613689e+00
2.130898560519664642e+01
1.446231076702833995e+01
9.833572565174371505e+00
3.437933942647514840e+00
7.395791607730673789e+00
-6.096906171931387952e+00
1.342386659462997933e+01
1.347613637102331197e+01
2.341813970468641593e+00
2.145586193803042008e+01
1.561218758817058072e+00
1.782606526439485961e+01
6.508526044613217820e+00
1.408318467777636229e+01
1.439177125915863442e+01
1.517069625044847037e+01
8.599401765793100338e+00
5.127535946036163139e+00
1.164942058073047981e+01
1.606677075604625671e+01
